1461.0,509.0,509.17000000000002,509.0,509.14999999999998,452.06999999999999,414.47000000000003,246.91999999999999,92.527999999999992,79.481000000000009,1512.9000000000001,308.44,423.52999999999997,1474.0,474.88999999999999,503.06999999999999,500.37,471.80000000000001,458.72000000000003,503.94999999999999,245.69999999999999,35.320999999999998,84.097000000000008,1170.2,335.50999999999999,197.75999999999999,0.0
1475.0,509.0,509.29000000000002,509.0,509.14999999999998,466.00999999999999,403.82999999999998,255.59,93.50200000000001,67.234999999999999,1896.7,1172.2,452.12,1488.0,470.10000000000002,503.07999999999998,502.72000000000003,473.68000000000001,458.82999999999998,505.69,235.53999999999999,9.9120000000000008,73.819999999999993,1647.7,841.92999999999995,394.94,1.0
1490.0,509.0,509.32999999999998,509.0,509.16000000000003,466.44999999999999,390.33999999999997,260.43000000000001,114.69,27.123000000000001,2186.5,1695.3,806.52999999999997,1503.0,453.68000000000001,503.01999999999998,505.94,474.66000000000003,459.16000000000003,506.0,253.09999999999999,132.97,88.98299999999999,1377.2,1708.3,826.59000000000003,2.0
1519.0,509.0,509.04000000000002,509.0,509.13999999999999,470.83999999999997,385.99000000000001,235.68000000000001,136.63,54.718999999999994,2221.6999999999998,872.74000000000001,268.70999999999998,1532.0,472.81,503.56999999999999,502.36000000000001,473.69999999999999,461.88,506.36000000000001,324.64999999999998,229.12,139.94999999999999,2493.1999999999998,1143.7,625.17999999999995,3.0
1563.0,509.0,509.35000000000002,509.0,509.07999999999998,476.11000000000001,406.19999999999999,277.75999999999999,351.81999999999999,44.768999999999998,413.49000000000001,-14.23,672.45000000000005,1576.0,497.19999999999999,504.0,506.66000000000003,476.49000000000001,451.11000000000001,503.81999999999999,237.61000000000001,408.13999999999999,193.18000000000001,2429.0,1372.7,942.40999999999997,4.0
1577.0,509.0,509.36000000000001,509.0,508.99000000000001,474.88999999999999,379.82999999999998,253.96000000000001,113.95999999999999,60.219999999999999,141.55000000000001,-344.88999999999999,501.25,1590.0,484.70999999999998,504.01999999999998,495.31999999999999,479.33999999999997,457.69,500.60000000000002,279.87,204.22999999999999,316.58999999999997,37.411000000000001,1149.7,2191.8000000000002,5.0
1592.0,509.0,509.36000000000001,509.0,509.00999999999999,461.97000000000003,418.11000000000001,404.54000000000002,168.08000000000001,70.518999999999991,3114.8000000000002,3636.4000000000001,316.98000000000002,1605.0,507.31999999999999,504.02999999999997,488.66000000000003,479.35000000000002,458.88999999999999,505.63999999999999,211.37,167.49000000000001,129.52000000000001,2055.8000000000002,3654.1999999999998,2869.6999999999998,6.0
1607.0,509.0,509.31999999999999,509.0,509.0,460.86000000000001,440.74000000000001,408.56999999999999,212.75,13.17,3421.9000000000001,3085.4000000000001,4532.8000000000002,1620.0,510.70999999999998,503.99000000000001,486.62,477.01999999999998,456.92000000000002,505.52999999999997,519.21000000000004,426.35000000000002,384.33999999999997,3294.1999999999998,1919.9000000000001,2536.0999999999999,7.0
1636.0,509.0,509.16000000000003,509.0,509.0,469.05000000000001,394.85000000000002,306.55000000000001,147.24000000000001,59.546999999999997,2956.0999999999999,3684.0,1837.4000000000001,1649.0,505.92000000000002,504.94,497.56999999999999,474.10000000000002,445.0,498.08999999999997,343.73000000000002,163.58000000000001,239.11000000000001,64.48899999999999,5686.3999999999996,4093.0999999999999,8.0
1665.0,509.0,509.17000000000002,509.0,509.0,454.61000000000001,352.12,270.80000000000001,185.00999999999999,151.59,5195.8999999999996,893.11000000000001,4269.1000000000004,1678.0,502.30000000000001,505.00999999999999,499.38999999999999,476.38,454.41000000000003,501.29000000000002,258.54000000000002,358.88,258.72000000000003,2362.9000000000001,-1513.2,2280.0,9.0
1709.0,509.0,509.27999999999997,509.0,509.0,459.11000000000001,444.54000000000002,299.13,122.92,183.99000000000001,2717.6999999999998,1416.0999999999999,4560.1000000000004,1722.0,510.69999999999999,505.02999999999997,502.38999999999999,478.56999999999999,455.44,500.23000000000002,308.93000000000001,217.62,191.12,3323.8000000000002,-925.34000000000003,810.88999999999999,10.0
1753.0,509.0,509.06,509.0,509.00999999999999,450.42000000000002,429.62,260.72000000000003,185.34,108.58,2782.8000000000002,1770.2,4392.8999999999996,1766.0,517.27999999999997,505.72000000000003,506.93000000000001,486.10000000000002,458.39999999999998,508.04000000000002,401.06999999999999,119.87,106.25,3046.5999999999999,136.11000000000001,1396.5,11.0
1796.0,509.0,509.13,509.0,509.0,448.33999999999997,422.43000000000001,335.52999999999997,214.77000000000001,68.176000000000002,2305.9000000000001,2549.1999999999998,5270.1000000000004,1809.0,508.56,506.06,506.57999999999998,481.69999999999999,459.72000000000003,502.5,415.00999999999999,159.69,174.68000000000001,2623.8000000000002,1574.5,3849.5999999999999,12.0
1840.0,509.0,509.07999999999998,509.0,509.0,436.12,374.89999999999998,306.30000000000001,152.02000000000001,-3.2982,3605.5,2147.4000000000001,5514.6999999999998,1853.0,514.58000000000004,506.04000000000002,504.06,482.67000000000002,460.75,505.51999999999998,294.08999999999997,308.97000000000003,199.41999999999999,3191.5,1105.5,2577.5,13.0
1899.0,509.0,509.16000000000003,509.0,509.0,452.69,406.31,351.99000000000001,270.85000000000002,44.956000000000003,2802.0999999999999,8.5815999999999999,5915.6999999999998,1912.0,513.21000000000004,506.92000000000002,505.55000000000001,470.27999999999997,451.88999999999999,503.12,320.18000000000001,281.06,141.75999999999999,2904.4000000000001,-1488.9000000000001,1209.5999999999999,14.0
1942.0,509.0,509.13,509.0,509.0,453.5,388.75,623.42999999999995,399.83999999999997,36.048000000000002,2575.5,1537.0,6151.6999999999998,1955.0,512.59000000000003,507.02999999999997,505.06999999999999,475.13,457.30000000000001,504.56,471.91000000000003,163.44999999999999,144.41999999999999,2555.5,-34.582000000000001,2659.5,15.0
2015.0,509.0,509.19,509.0,509.0,439.17000000000002,295.13999999999999,314.68000000000001,89.797999999999988,22.356999999999999,517.99000000000001,142.19,133.69999999999999,2028.0,510.26999999999998,507.00999999999999,502.23000000000002,484.19,463.76999999999998,509.79000000000002,264.76999999999998,119.76000000000001,50.193000000000005,2480.3000000000002,2795.8000000000002,817.53999999999996,16.0
