767.5,484.36000000000007,506.80499999999995,412.61857142857144,509.91499999999996,476.99071428571426,274.52571428571434,239.56428571428575,90.385857142857148,-57.846264285714291,468.88442857142854,214.88262428571429,-75.586857142857099,769.5,437.2442857142857,510.28642857142859,452.17357142857139,511.0,434.73000000000002,511.0,188.33828571428572,44.316714285714284,-20.49257857142857,1547.9016428571429,-298.12664285714283,-225.10857142857148,0.0
782.0,492.01666666666665,504.52533333333332,390.11333333333334,510.01066666666668,479.32533333333333,265.31533333333329,242.31800000000004,57.780599999999986,-17.690686666666668,-150.87666666666667,-376.25013333333328,107.06180000000002,784.0,433.97800000000001,510.32333333333338,460.90599999999995,511.0,439.07599999999996,510.99133333333322,199.786,50.904424666666657,-14.419873333333335,-671.55635999999993,48.205333333333328,326.25954666666672,1.0
811.5,453.44,505.76214285714286,323.51499999999993,509.84642857142859,480.5942857142856,286.47285714285715,247.95000000000002,49.730285714285721,-11.661864285714287,-1099.8137142857142,187.81092857142858,614.09174285714278,813.5,450.15857142857152,510.88428571428568,486.74642857142862,511.0,426.35714285714283,511.00428571428569,251.28285714285715,18.484392857142858,20.320100000000007,-1596.1563571428571,-375.31521428571432,615.90407142857134,2.0
826.0,461.45466666666664,509.07333333333344,267.512,509.98400000000004,477.34333333333336,304.55866666666668,276.55133333333328,92.857733333333329,61.969986666666678,-341.08846666666676,-1613.6676666666669,676.46776,828.0,450.41999999999996,510.85999999999996,483.90733333333333,511.0,434.22400000000005,510.8513333333334,258.928,1.6758480000000009,5.2755666666666681,-644.42079999999999,-1223.0180666666668,-466.9133333333333,3.0
884.5,458.45714285714286,508.72142857142865,265.03928571428577,509.82357142857143,477.10285714285709,313.67142857142852,224.90185714285715,55.349500000000013,-19.276080571428572,135.08871428571427,1315.3742857142856,800.69142857142845,886.5,448.25857142857143,510.85785714285709,471.82285714285712,511.0,418.28428571428577,511.01142857142861,295.40142857142854,-12.519914285714284,-12.469353571428575,-612.35321428571422,1061.620714285714,2994.3000000000002,4.0
928.0,448.47733333333338,508.90066666666667,283.1246666666666,509.91400000000004,482.49333333333328,300.59599999999995,406.66933333333333,200.85399999999998,71.674186666666671,-874.48519999999996,883.83460000000002,1437.9749999999999,930.0,452.18999999999994,510.92599999999999,455.25866666666661,511.0,428.52866666666671,510.98666666666662,116.90386666666667,63.041193333333339,-21.074600000000011,-1319.1226666666666,-1167.2053333333331,3028.0999999999999,5.0
943.0,469.67066666666659,508.99066666666664,305.88933333333335,509.85399999999993,485.04000000000002,270.62466666666671,404.56,171.58213333333333,-35.351786666666655,1158.8366666666666,992.4133333333333,312.47749333333337,945.0,439.1926666666667,510.60599999999999,470.75133333333338,511.0,431.76666666666671,511.00200000000007,236.2286666666667,1.4648599999999969,-9.2070933333333311,1031.9000000000001,608.27533333333326,1267.7259999999999,6.0
986.5,489.59357142857141,509.11642857142857,389.43999999999994,509.97785714285709,483.04857142857139,250.65571428571428,227.79142857142861,82.322857142857146,-52.366892857142865,877.22000000000014,2492.7714285714283,-110.08500000000001,988.5,431.90500000000003,510.22571428571433,457.90357142857141,511.0,432.95428571428573,511.0,180.84357142857138,75.064857142857136,-17.966846642857142,1537.4228571428573,1913.2057857142859,1996.3674285714285,7.0
1016.0,417.04933333333332,508.12066666666675,336.31133333333332,509.87866666666667,481.15599999999995,246.42333333333335,207.06873333333334,60.046986666666676,15.451293333333338,-125.35420000000001,-1474.0046666666665,218.24974,1018.0,448.20933333333335,510.53733333333338,484.80799999999994,511.00200000000001,440.1706666666667,511.0,172.16333333333336,10.929339999999996,20.172833333333337,-977.60800000000006,-1560.6679999999999,-1402.8673333333334,8.0
1030.5,422.04642857142863,508.39714285714291,349.3471428571429,509.88714285714281,482.20214285714286,260.30642857142857,313.80764285714287,119.58721428571427,64.514571428571429,-1961.1064285714285,-824.08428571428556,1153.9228571428573,1032.5,452.96214285714285,510.75642857142873,466.11571428571426,510.97999999999996,438.39214285714286,511.00357142857149,256.8175,21.12875,-4.9339214285714261,-1210.9314285714283,-60.444999999999808,1240.2250000000001,9.0
1074.0,429.66399999999999,508.13200000000001,339.58533333333332,509.83066666666667,478.20999999999992,260.20666666666665,376.19259999999997,52.049933333333321,-16.689666666666678,-2011.826,-795.87933333333365,1489.49,1076.0,452.91133333333335,510.90466666666669,465.8746666666666,510.86400000000009,430.11599999999999,511.00133333333326,304.73599999999999,35.535799999999995,19.369306666666667,-2697.0630666666671,-785.12199999999973,734.75439999999992,10.0
1132.5,461.08071428571429,508.55000000000001,337.38642857142861,509.75928571428574,477.81142857142862,232.4292857142857,125.55147142857142,105.1368428571429,82.378472142857163,-458.43450000000013,1642.2207142857144,345.75500000000005,1134.5,448.36214285714289,510.63285714285712,452.66642857142853,509.30000000000001,429.68857142857138,511.06,270.49014285714287,-4.1373357142857161,16.762285714285717,-503.11714285714294,1578.5135714285716,2406.3357142857139,11.0
1176.5,449.8378571428571,508.73214285714278,289.20999999999998,509.71357142857141,480.17642857142857,268.15285714285716,83.701499999999996,211.11728571428571,4.7782571428571412,-738.94142857142845,657.14007142857133,1199.1695785714287,1178.5,459.57428571428574,510.99714285714288,464.3649999999999,510.9078571428571,434.36642857142857,510.98285714285714,423.55071428571421,150.59507142857143,19.643692857142856,-1695.025714285714,945.34285714285727,2947.7714285714283,12.0
1235.0,441.49933333333337,508.77466666666658,396.6346666666667,509.76400000000001,475.15333333333331,268.16933333333338,190.79593333333332,122.91316666666668,-63.912533333333336,1295.0373333333332,3929.2600000000002,411.17286666666666,1237.0,441.91866666666664,510.81133333333332,472.1520000000001,511.01200000000006,423.73533333333336,511.12933333333336,255.16973333333331,-48.113979999999991,104.91281999999998,2407.2675333333336,1933.655933333333,2849.0600000000004,13.0
1264.0,472.05400000000003,503.96999999999997,418.39733333333334,509.93200000000007,475.87200000000001,227.79800000000006,289.26733333333334,79.215666666666664,-56.849266666666658,219.8086666666666,-1511.7259333333334,845.65460000000007,1266.0,435.32066666666663,510.44133333333338,448.56599999999997,510.95800000000003,437.34066666666661,511.08866666666665,234.39066666666665,53.706399999999995,-54.941033333333344,-169.54799999999989,-690.40526666666653,-83.115333333333311,14.0
1293.0,459.95399999999995,503.24266666666671,434.19866666666672,510.00533333333345,475.61733333333348,257.4253333333333,223.32933333333338,83.229800000000012,-3.9538986666666665,426.70787333333334,-54.779266666666686,58.322593333333323,1295.0,425.57666666666671,502.96266666666668,503.45066666666673,511.00466666666671,434.93466666666671,511.00266666666681,228.63266666666661,50.071579999999997,-19.929873333333333,913.9154000000002,-112.91926666666669,-252.29519999999999,15.0
